0.2936767266
0.1977050337
0.1586236965
0.1361429715
0.1211057156
0.1101479126
0.1017079383
0.09494984586
0.08938064841
0.08468840817
0.08066487439
0.07408432517
0.06888920565
0.06465305964
0.06111311152
0.05674793149
0.05320180377
0.05024698344
0.04697851973
0.0436689035
0.04097294643
0.03831453893
0.0357835283
0.03369603441
0.03148180625
0.02946983177
0.02749926929
0.02575538018
0.02410449468
0.02257006639
0.0211600045
0.01976216051
0.01851871352
0.01733445641
0.01622957482
0.01518706951
0.01420011578
0.01330034232
0.01244300998
0.01164356838
0.01089899965
0.0102070269
0.009559408261
0.008952187462
0.008383605984
0.007852836276
0.007359262206
0.006897680718
0.006469498341
0.006071980807
0.005701336574
0.005359099442
0.005043434751
0.004752335064
0.004486290984
0.004244885489
0.00402723806
0.00383368741
0.003664392456
0.003519156572
0.003398940221
0.003303900554
0.003234598713
0.003191478758
0.003174822471
0.003184758516
0.003221196112
0.003283910949
0.003372479994
0.003486447663
0.00362529538
0.003788670368
0.00397618713
0.004187701331
0.004423210194
0.004682976348
0.004967391587
0.005277038919
0.005612813785
0.005975726364
0.006366950993
0.006787922088
0.007240206329
0.007725612118
0.008246091462
0.008803770885
0.009401010253
0.01004032804
0.01072450269
0.01145645083
0.01223938284
0.01307669825
