43829.09563
30970.77593
25312.92876
21929.7386
19620.7987
17908.71197
16577.94879
15503.67862
14610.62121
13856.9917
13210.65583
12155.01073
11316.37047
10631.67509
10061.09006
9352.256217
8769.139613
8280.272635
7738.543821
7190.591357
6746.291276
6308.045801
5888.620438
5545.593011
5177.868924
4843.532899
4518.244274
4234.888485
3965.821527
3720.325775
3495.831521
3274.193421
3071.463517
2878.235064
2695.423185
2523.544257
2360.692956
2211.212526
2065.850649
1932.643957
1809.477913
1692.381112
1585.213793
1487.771668
1394.57684
1305.531633
1220.555137
1142.213948
1068.453343
1003.022402
941.2351553
885.311196
830.6663982
778.0776041
728.4419081
681.6996992
639.393207
599.0360581
564.0284088
530.0085866
497.0397297
461.3942816
423.7545984
388.7385985
353.106788
321.2256227
296.3074605
271.3777965
249.523553
234.0592989
219.9581668
205.9887191
199.134612
197.105737
195.7470406
196.8357131
199.6940775
204.6812715
205.7955639
206.2328634
207.6962449
211.178691
215.8102714
221.7619694
229.6650523
235.1588761
248.1949409
268.7105346
289.3706872
307.6372761
317.4673651
340.7294627
