0.2686004172
0.1900641973
0.1552411324
0.1344302397
0.1202112351
0.1097622206
0.10166723
0.09518479923
0.08979584732
0.08522732969
0.08127039932
0.07475718844
0.06957771581
0.06532514432
0.06178108494
0.05741666687
0.05385756365
0.0508804796
0.04759609771
0.04428012622
0.04159314282
0.03896908728
0.03646202851
0.0343744131
0.03212853985
0.03006161521
0.02801557743
0.0262005161
0.02448751735
0.0228961023
0.02143168626
0.01998141789
0.01868262021
0.01744292286
0.01631042584
0.01527550007
0.01429796383
0.01339953135
0.01255141734
0.01174666194
0.01098300768
0.01026740434
0.009618841913
0.00899951259
0.008398956585
0.007812786307
0.007282158238
0.006791405718
0.006351071147
0.00594931115
0.005570773868
0.005241510193
0.004940804986
0.00464369765
0.004382489916
0.004174180475
0.003995330674
0.003831130561
0.003705202709
0.003607120273
0.003538346276
0.003486841377
0.003436371378
0.003395269486
0.003374054292
0.00336932962
0.003395076168
0.003455814331
0.00357519845
0.003727200968
0.003894713658
0.004088629588
0.004311277137
0.004537433855
0.004771634727
0.005043882457
0.005382279026
0.005799464086
0.006317866359
0.006929284999
0.007609319128
0.008326859507
0.009031624091
0.00969628647
0.01031031089
0.01082325311
0.01119180761
0.01128457751
0.0108522559
0.01003588383
0.01004410841
0.01127856423
