42699.94045
30189.35727
24648.40185
21345.66361
19091.88512
17428.27061
16135.33988
15093.15589
14229.91067
13499.63823
12871.36854
11839.89245
11022.30961
10353.63518
9793.542107
9101.320673
8537.783056
8067.437382
7546.387606
7017.989951
6587.013948
6161.582417
5756.138384
5421.462856
5066.206858
4743.177537
4426.599493
4146.279916
3880.777372
3633.8898
3406.915547
3181.814433
2981.49504
2790.634914
2612.493754
2444.336082
2285.062473
2139.780454
2001.26693
1872.01367
1751.529433
1639.441007
1534.405485
1435.76868
1343.228534
1256.630748
1175.852575
1100.013688
1029.310373
963.2518049
901.1542792
843.2110269
789.0403747
738.2058167
690.6832569
646.2759854
604.6744619
565.7702065
529.4039887
495.3073522
463.4580473
433.63717
405.7299196
379.6220961
355.1953095
332.3296281
310.9495985
290.9372174
272.2164664
254.6993523
238.3126106
222.975414
208.627147
195.2021732
182.6420418
170.8887213
159.8917583
149.6037391
139.9767566
130.9688886
122.5412601
114.6558358
107.2781232
100.3749234
93.91587529
87.87264498
82.21825196
76.92784185
71.97771896
67.34627358
63.01281316
58.95826397
