0.2686677363
0.1898303705
0.1551161509
0.1343458905
0.1200663862
0.1095446639
0.101402462
0.09483726383
0.08939789942
0.08480488759
0.08086916529
0.07442810036
0.06930460919
0.06515012827
0.06167801155
0.05736966005
0.0538329248
0.05088506146
0.04762257892
0.04432726706
0.0416327988
0.03897403078
0.03642634463
0.03432990115
0.03206230878
0.0299677264
0.02790239864
0.0260719534
0.02433404725
0.02275773254
0.02131364287
0.0198772273
0.01864106247
0.01750695502
0.01644880262
0.01546884084
0.01455687105
0.01369414055
0.01281537444
0.01197760147
0.01120477286
0.01046732856
0.009757905398
0.009108144894
0.008475308927
0.007894702101
0.007342294451
0.006835625616
0.00636542911
0.005936256394
0.00553562322
0.005178811887
0.004877998688
0.004614759849
0.004384875009
0.004172220868
0.00398656189
0.003815385318
0.00364975089
0.003514623826
0.003410174828
0.003328604507
0.003263388581
0.00323887036
0.003254959546
0.003296107348
0.003384844504
0.003480448619
0.003579626232
0.003689516412
0.003818534979
0.003985769411
0.004193191057
0.004423747961
0.004665924511
0.004896844589
0.005114236903
0.005344314149
0.005638623571
0.00601626329
0.006468314466
0.006977692932
0.007512332671
0.00809875378
0.008726711473
0.009391180941
0.01004363936
0.01060456163
0.01085436268
0.0104601866
0.009086883516
0.006820922311
