43952.68287
30963.26016
25249.83184
21853.36758
19538.96628
17832.151
16506.4739
15438.38325
14553.98927
13806.03311
13162.6945
12106.75365
11270.00821
10585.80295
10012.79427
9304.722524
8728.368931
8247.384753
7714.609577
7174.384148
6733.807482
6298.939723
5884.541209
5542.503273
5179.462289
4849.382895
4525.924403
4239.538723
3968.316301
3716.13527
3484.319342
3254.443866
3049.902643
2855.047993
2673.207797
2501.58947
2339.071547
2190.864542
2049.599231
1917.817572
1795.018123
1680.819686
1573.853591
1473.45385
1379.313395
1291.27542
1209.214803
1132.237206
1060.541785
993.6301898
930.8101963
872.2774753
817.645932
766.4755972
718.7425105
674.2487227
632.6840846
593.9403959
557.8588887
524.1736445
492.8631168
463.7124045
436.6103535
411.4473242
388.1109883
366.4895637
346.515419
328.0835491
311.1314865
295.5898198
281.4076575
268.5344222
256.9453828
246.6221777
237.5656945
229.7940667
223.3512993
218.3074421
214.7612152
212.8469827
212.7352999
214.634364
218.7901029
225.4850796
235.0354267
247.7887914
264.1257972
284.4614858
309.2549347
339.0151623
374.3193185
415.8231413
