0.2689180226
0.1900898578
0.1552106563
0.1343361399
0.1201133455
0.1095801134
0.1014387877
0.09488894007
0.08947208232
0.08487683798
0.0809214248
0.07440667417
0.06926378398
0.0650607192
0.06154139972
0.05719895523
0.05365815311
0.05071711344
0.0474128806
0.04408131078
0.04139111844
0.03874415598
0.03623704549
0.03416130782
0.03192833116
0.02988919018
0.02788312333
0.02610809444
0.02444887148
0.02291984353
0.02150244756
0.0200779046
0.01883363345
0.01763721914
0.01651623167
0.01545015163
0.01446310509
0.01356063715
0.01266686299
0.0118167647
0.01102350047
0.01026584429
0.009559232476
0.008935651263
0.008339656895
0.00777945529
0.007261002384
0.006776263533
0.00631274225
0.005917628918
0.005599104177
0.005285397772
0.005017103531
0.004809982561
0.00460583688
0.004385236663
0.004168122171
0.003978330177
0.003777000658
0.0036085509
0.003506369828
0.003477507768
0.003479014546
0.003490927716
0.003541747767
0.003595004908
0.00364428841
0.003698949799
0.003784221784
0.003906055785
0.004059270543
0.004240987782
0.004450629788
0.004681307063
0.004941715004
0.005233034611
0.005587659276
0.006067354518
0.006701026745
0.007444257057
0.008244885844
0.009070904427
0.009848825315
0.01051752564
0.01100723304
0.01130690259
0.01122900473
0.01072097509
0.009561412876
0.007810516562
0.006292441292
0.005233640037
