0.309016699
0.203581095
0.1619570683
0.1383746408
0.1227437244
0.1114226803
0.1027410556
0.09581236324
0.09011725642
0.08532882995
0.08122976315
0.07453889823
0.06926769734
0.06497629594
0.06139460598
0.05698321438
0.05340358741
0.05042346204
0.04712961234
0.04379690923
0.04108396663
0.0384103028
0.03586605009
0.03376851016
0.03154442697
0.0295241572
0.02754602611
0.02579585515
0.024139346
0.02259994103
0.02118549165
0.01978344823
0.01853636992
0.01734872717
0.01624073568
0.01519532698
0.01420564345
0.01330339303
0.01244371183
0.01164209702
0.01089553396
0.01020175759
0.009552530123
0.008943920824
0.008374213477
0.007842636853
0.007348643505
0.006887113549
0.006459559408
0.006063373957
0.005694936831
0.005355959864
0.005044835467
0.004759843552
0.004501761671
0.004270502518
0.004065578122
0.003887687009
0.003737341988
0.003614738014
0.003521005622
0.003456501204
0.003421785518
0.003417160915
0.00344265834
0.003498094807
0.003582962323
0.003696750196
0.003838742037
0.004008334189
0.004204943491
0.004428303901
0.00467815173
0.004954573231
0.005257839784
0.005588549829
0.005947441052
0.006335464504
0.006753931475
0.007204264482
0.00768806141
0.008207215665
0.008763760116
0.009360004545
0.009998417177
0.0106816651
0.01141268826
0.01219460961
0.01303086062
0.01392503372
0.01488107346
0.01590314964
