44400.48099
31044.98528
25251.90021
21827.00151
19500.20478
17787.4889
16458.96144
15389.59416
14504.78708
13756.91044
13113.93816
12059.15987
11223.79765
10541.00435
9969.35959
9263.18594
8688.538398
8209.080148
7678.095269
7139.783216
6700.832837
6267.621847
5854.843785
5514.169446
5152.596841
4823.866768
4501.738869
4216.533741
3946.427149
3695.277389
3464.399958
3235.441443
3031.700037
2837.58838
2656.41983
2485.41077
2323.441927
2175.706048
2034.857105
1903.428307
1780.91961
1666.951138
1560.157237
1459.872725
1365.790601
1277.754209
1195.639085
1118.550832
1046.689638
979.5574492
916.460602
857.5968563
802.580128
750.9692754
702.7425221
657.7033874
615.5418668
576.1528783
539.3809913
504.9620313
472.8823318
442.9319625
415.0087247
389.0141211
364.8493218
342.4188534
321.6763587
302.5404298
284.977878
268.9524958
254.4511901
241.4645196
230.0110717
220.1148451
211.8140268
205.1534456
200.1853138
196.9609512
195.5255872
195.9167452
198.1602779
202.2715696
208.2582422
216.1265754
225.8869934
237.5611894
251.1900263
266.8378499
284.5999094
304.603772
327.0175103
352.0511495
