43785.35712
30915.04315
25229.82774
21845.95136
19531.57939
17824.46356
16498.21809
15425.6067
14541.6455
13795.77639
13153.49489
12101.66153
11271.76794
10597.09008
10033.63264
9335.11574
8765.892504
8287.567443
7754.44009
7206.304553
6760.178507
6316.148401
5892.767887
5542.814215
5175.138912
4840.494384
4517.555222
4235.176469
3974.147456
3731.975733
3506.040838
3278.07162
3073.762882
2876.735648
2693.641233
2519.689772
2353.756217
2208.858739
2071.783392
1940.425562
1820.819973
1712.414853
1605.68401
1505.620921
1412.242909
1321.886322
1232.440434
1148.069943
1068.55961
997.286569
930.7509494
868.552794
808.3405938
752.0316132
692.8268858
635.3219382
583.1443761
541.4741326
508.3090021
480.5729286
455.3332469
431.679594
403.0786616
374.8197643
353.3027298
338.6987812
323.6497343
309.8614804
293.3572807
273.6462854
257.0131946
244.1810676
231.9528152
222.0193272
210.4264803
193.0512436
167.3646133
137.9587338
114.9479664
100.1181677
91.59080508
90.84842554
88.98736489
89.26323503
89.1157052
81.36729773
76.56726235
75.84043793
77.66208464
66.77461409
57.73596241
43.453435
