0.2705285088
0.1902102124
0.1550103691
0.134114776
0.119887117
0.1093996096
0.1012566919
0.09469756669
0.08926751209
0.08467582485
0.08072683783
0.0742460383
0.06911123778
0.06491293758
0.06139720767
0.05705309525
0.05351731609
0.05056674159
0.04729858715
0.04398485052
0.0412824313
0.03861507931
0.03607331199
0.03397539101
0.03174864827
0.02972407048
0.02774008593
0.02598347192
0.0243198408
0.02277298102
0.02135101645
0.01994093485
0.01868624528
0.01749097552
0.01637555573
0.01532287742
0.01432609058
0.01341718497
0.0125510079
0.01174320085
0.01099075058
0.01029139235
0.009636833216
0.009023114092
0.008448502554
0.007912214005
0.00741368501
0.006947730787
0.006515854115
0.006115392228
0.005742645121
0.005399295824
0.005083661416
0.004793928237
0.00453080785
0.004294128265
0.004083297498
0.003898936496
0.003741485059
0.00361105585
0.003508775102
0.003434980118
0.00339027029
0.003375017815
0.003389341179
0.003433147043
0.003506028826
0.003607530703
0.003736982746
0.003893786512
0.004077341968
0.004287332198
0.004523437265
0.004785666602
0.005074209284
0.005389572008
0.005732402154
0.006103558794
0.006504253567
0.00693581225
0.007399735308
0.007897812493
0.008431972581
0.009004414574
0.009617493425
0.01027375828
0.01097602312
0.01172728006
0.01253081961
0.0133900887
0.01430887405
0.01529118018
