43760.783
30965.74073
25266.79136
21883.93766
19578.83484
17871.55926
16544.55795
15482.27902
14597.10707
13849.12747
13208.00691
12151.36371
11312.34231
10626.04229
10052.5154
9340.794973
8759.15534
8271.025897
7730.472476
7178.31936
6726.720952
6284.348171
5867.979383
5527.47041
5168.342183
4842.577861
4519.759784
4232.232536
3957.776893
3702.378891
3470.680283
3243.387655
3040.446339
2851.205401
2676.402064
2513.600321
2360.762678
2217.323402
2077.851404
1944.141071
1816.10558
1692.606078
1578.23838
1472.045205
1377.231097
1290.503241
1214.761283
1145.655834
1080.623893
1014.842365
948.2421665
884.7288902
824.7167329
767.6180377
716.899068
671.9697977
633.9009549
593.1987022
553.6559021
517.6547219
484.2091492
449.8480727
419.2949823
395.1474415
371.079232
351.6578214
338.0026921
322.5829983
306.9981258
296.0305451
283.4789361
271.959981
264.0624695
254.6940964
242.6964551
230.4662187
222.4248418
219.2406017
218.1971384
216.4667028
217.6167082
217.3764039
214.6802968
218.658312
229.0546112
244.0294709
264.1399497
286.6902069
310.2290344
341.0247766
381.5387669
413.1471621
